#  
# Lognormal Distribution Model
#
#=========================================================
source("https://raw.githubusercontent.com/statpnu/R/master/Rs3.R")
#=========================================================
X = c(
0.712, 1.629, 0.063, 2.542, 2.237, 2.054, 4.028, 5.487, 2.457, 1.960,
0.105, 0.749, 0.235, 5.174, 2.529, 3.502, 0.406, 1.263, 5.087, 3.405,
2.935, 5.126, 3.419, 3.873, 2.231, 1.737, 0.806, 0.462, 2.012, 1.931,
2.149, 3.209, 1.606, 5.276, 1.720, 0.598, 0.033, 2.152, 1.260, 4.580,
2.426, 1.752, 2.222, 1.196, 0.654, 1.391, 5.373, 5.966, 1.208, 0.157,
1.237, 1.460, 5.206, 0.465, 3.410, 2.200, 3.865, 3.298, 1.144, 4.085)

Mode1 = list( 
1, 1, 1, 3, 2, 1, 3, 0, 1, 3, 1, 1, 1, 0, 2, 3, 1, 2, 0, 2,
1, 0, 2, 1, 3, 2, 2, 1, 1, 2, 2, 2, 2, 1, 2, 1, 1, 1, 2, 3,
2, 2, 3, 1, 1, 2, 0, 0, 1, 1, 1, 3, 0, 1, 3, 1, 2, 1, 2, 3)

Mode2 = list(
1, c(1,2),        1, c(1,3), 2, 1, 3, 0, c(1,2), 3,
1, c(1,2), c(1,2,3),      0, 2, 3, 1, 2, 0,      c(1,2,3),
1, 0, 2, c(1,2), 3, 2, 2, 1, 1, 2,
c(1,2,3), c(2,3), c(2,3), c(1,3), c(1,2), 1, c(1,2), 1, 2, c(1,3),
2, 2, 3, 1, c(1,2,3), c(1,2), 0, 0, 1, 1,
1, c(1,3), 0, 1, 3, c(1,3), 2, 1, 2, c(1,3))



#===============================================================================
maxit = 100; outputdigit=3; 

cat("\n=======================\n")
cat(" No Masking ")
cat("\n-----------------------\n")
OUTPUT = norm.cm.EM( log(X), Mode1 ,maxits=100)
OUTPUT 

cat("\n=======================\n")
cat(" Masking ")
cat("\n-----------------------\n")
OUTPUT = norm.cm.EM( log(X), Mode2 ,maxits=100)
OUTPUT 

